#    File Name               Date (MJD)      Phase         RV obs     RV theo (km/s)
  2013-07-07T23_06_12.863    56480.950752    -23.455583    15.8077    -0.1384
  2013-07-08T21_35_00.457    56481.894630    -23.026040    16.0632     0.1421
  2013-07-13T22_46_25.683    56486.946586    -20.726979    15.9064    -0.0208
  2013-07-21T20_40_16.311    56494.860521    -17.125480    16.0280     0.1015
  2013-07-22T22_54_22.281    56495.953113    -16.628259    15.8425    -0.0997
  2013-07-23T20_39_56.783    56496.859583    -16.215740    15.9630     0.0308
  2013-07-26T21_05_12.295    56499.877778    -14.842210    15.9958     0.0788
  2013-08-12T19_56_35.760    56516.830058     -7.127511    16.0256     0.1002
  2013-08-13T20_18_37.206    56517.845208     -6.665533    15.8526    -0.0729
  2013-08-14T19_59_20.516    56518.831782     -6.216560    15.9614     0.0300
  2013-08-15T19_56_43.606    56519.830255     -5.762171    15.9306     0.0110
  2013-08-16T19_59_19.822    56520.832083     -5.306256    15.8867    -0.0498
  2013-08-17T20_31_50.095    56521.854653     -4.840902    16.0116     0.0778
  2013-08-18T20_17_32.048    56522.844618     -4.390385    15.8058    -0.1112
  2013-08-19T20_21_35.861    56523.847234     -3.934111    16.0746     0.1318
  2013-08-28T19_25_39.924    56532.808542      0.144030    16.0190     0.0890
  2013-08-30T19_21_13.121    56534.805613      1.052864    16.0665     0.1361
  2013-08-31T19_16_12.139    56535.800174      1.505472    15.7942    -0.1439
  2013-09-01T19_12_17.579    56536.797049      1.959133    16.0752     0.1393
  2013-09-02T19_16_36.037    56537.800451      2.415765    15.8025    -0.1243
  2013-09-14T18_54_40.720    56549.786262      7.870307    16.0473     0.0988
  2013-09-15T18_39_12.323    56550.775567      8.320523    15.8635    -0.0617
  2013-09-16T18_47_16.851    56551.781204      8.778171    15.9574     0.0254
  2013-09-17T18_36_38.905    56552.773819      9.229894    15.9556     0.0181
  2013-09-17T18_39_58.640    56552.776134      9.230947    15.9639     0.0172
  2013-09-17T18_43_01.358    56552.778241      9.231906    15.9476     0.0163
  2013-09-17T18_46_05.093    56552.780370      9.232875    15.9519     0.0155
  2013-09-17T18_49_36.030    56552.782812      9.233987    15.9573     0.0145
  2013-09-17T18_52_56.265    56552.785127      9.235040    15.9555     0.0135
  2013-09-17T18_56_01.078    56552.787269      9.236015    15.9430     0.0126
  2013-09-17T19_02_07.953    56552.791516      9.237948    15.9474     0.0109
  2013-09-17T19_05_11.344    56552.793634      9.238911    15.9412     0.0100
  2013-09-17T19_08_18.188    56552.795799      9.239897    15.9547     0.0091
  2013-09-17T19_11_21.328    56552.797917      9.240861    15.9481     0.0083
  2013-09-17T19_14_27.781    56552.800069      9.241840    15.9559     0.0074
  2013-09-17T19_17_41.188    56552.802315      9.242862    15.9309     0.0065
  2013-09-17T19_20_46.078    56552.804456      9.243836    15.9362     0.0056
  2013-09-17T19_24_05.766    56552.806771      9.244890    15.9394     0.0046
  2013-09-17T19_27_20.235    56552.809016      9.245912    15.9629     0.0037
  2013-09-17T19_30_41.219    56552.811343      9.246971    15.9333     0.0027
  2013-09-17T19_33_45.219    56552.813472      9.247939    15.9396     0.0019
  2013-09-17T19_37_04.172    56552.815775      9.248987    15.9403     0.0009
  2013-09-17T19_40_25.375    56552.818102      9.250046    15.9471    -0.0000
  2013-09-17T19_43_44.219    56552.820405      9.251094    15.9511    -0.0010
  2013-09-17T19_46_48.860    56552.822546      9.252069    15.9390    -0.0019
  2013-09-17T19_49_52.782    56552.824676      9.253038    15.9354    -0.0027
  2013-09-17T19_52_59.875    56552.826840      9.254023    15.9485    -0.0036
  2013-09-17T19_56_33.704    56552.829306      9.255145    15.9428    -0.0047
  2013-09-17T19_59_39.313    56552.831458      9.256125    15.9503    -0.0055
  2013-09-17T20_02_43.329    56552.833588      9.257094    15.9342    -0.0064
  2013-09-17T20_05_47.750    56552.835718      9.258063    15.9338    -0.0073
  2013-09-17T20_08_52.235    56552.837859      9.259037    15.9371    -0.0082
  2013-09-17T20_11_56.000    56552.839988      9.260006    15.9203    -0.0090
  2013-09-17T20_15_02.032    56552.842141      9.260986    15.9221    -0.0099
  2013-09-17T20_18_08.641    56552.844294      9.261966    15.9370    -0.0108
  2013-09-17T20_21_12.984    56552.846424      9.262935    15.9187    -0.0117
  2013-09-17T20_24_17.172    56552.848565      9.263910    15.9156    -0.0126
  2013-09-17T20_27_21.375    56552.850694      9.264878    15.9284    -0.0134
  2013-09-17T20_30_25.172    56552.852824      9.265848    15.9369    -0.0143
  2013-09-17T20_33_28.531    56552.854954      9.266817    15.9204    -0.0152
  2013-09-17T20_36_32.610    56552.857083      9.267786    15.9210    -0.0161
  2013-09-17T20_39_36.564    56552.859201      9.268750    15.9428    -0.0169
  2013-09-17T20_42_41.689    56552.861343      9.269725    15.9113    -0.0178
  2013-09-17T20_46_01.235    56552.863657      9.270778    15.9104    -0.0187
  2013-09-17T20_49_03.907    56552.865775      9.271742    15.9143    -0.0196
  2013-09-17T20_52_06.626    56552.867894      9.272706    15.9340    -0.0205
  2013-09-17T20_55_09.017    56552.870000      9.273664    15.9286    -0.0213
  2013-09-17T20_58_12.032    56552.872106      9.274623    15.9129    -0.0222
  2013-09-17T21_01_16.439    56552.874248      9.275598    15.9181    -0.0231
  2013-09-17T21_04_23.611    56552.876412      9.276582    15.9321    -0.0239
  2013-09-17T21_07_53.407    56552.878843      9.277689    15.9045    -0.0249
  2013-09-17T21_10_56.407    56552.880961      9.278652    15.8931    -0.0258
  2013-09-17T21_13_59.439    56552.883079      9.279616    15.9095    -0.0266
  2013-09-17T21_17_18.922    56552.885394      9.280670    15.9248    -0.0276
  2013-09-17T21_23_28.657    56552.889664      9.282613    15.9205    -0.0293
  2013-09-17T21_26_47.828    56552.891979      9.283667    15.9028    -0.0302
  2013-09-17T21_29_51.532    56552.894097      9.284630    15.9163    -0.0311
  2013-09-17T21_32_55.297    56552.896227      9.285600    15.9047    -0.0319
  2013-09-17T21_35_59.266    56552.898356      9.286569    15.9027    -0.0328
  2013-09-17T21_39_03.157    56552.900486      9.287538    15.9117    -0.0336
  2013-09-17T21_42_07.844    56552.902627      9.288512    15.8937    -0.0345
  2013-09-17T21_45_11.250    56552.904745      9.289476    15.9197    -0.0354
  2013-09-18T18_56_00.004    56553.788044      9.691451    15.8784    -0.0518
  2013-09-18T19_00_24.535    56553.789410      9.692072    15.8845    -0.0513
  2013-09-19T19_01_04.800    56554.790058     10.147451    16.0165     0.0865
  2013-09-20T19_28_07.610    56555.808461     10.610909    15.8266    -0.1104
  2013-09-21T19_17_34.966    56556.801516     11.062832    16.0875     0.1329
  2013-10-17T18_25_22.631    56582.766840     22.879216    16.0505     0.1045
  2014-05-15T01_24_12.379    56792.055741    118.123096    16.0393     0.1030
  2014-06-06T21_25_39.458    56814.891620    128.515323    15.8146    -0.1433
  2014-06-27T20_46_52.764    56835.863299    138.059183    16.0656     0.1342
  2014-07-10T21_15_23.583    56848.881944    143.983751    16.0584     0.1433
  2014-09-02T19_18_45.168    56902.802326    168.522015    15.7830    -0.1426
  2015-06-12T23_19_47.717    57185.969375    297.386605    15.8418    -0.1090
  2015-06-28T21_39_23.324    57201.900023    304.636376    15.7999    -0.0943
  2016-05-07T23_15_48.413    57515.963171    447.561264    15.7756    -0.1335
  2017-01-07T05_21_23.050    57760.216968    558.717083    15.8576    -0.0296
  2017-06-18T22_29_42.662    57922.936424    632.767987    15.8532     0.0162
  2017-06-18T22_34_39.441    57922.937986    632.768698    15.8763     0.0169
  2018-06-20T22_21_28.522    58289.929248    799.780285    15.8738     0.0272
