file    target  alpha   delta   mv      bv      dpr_type        Texp    sn6     sn26    sn35    mask    bjd     vrad0   rv_drift        th_flux cal_err vrad    dvrmss  ccfnoise        svrad   fwhm    contrast        biss    berv    vsini   feh     rhk     fibB_sn fibB_cont       catalog back_corr       cti_corr        flux_corr       rv_0_35 rv_8_39 rv_blue rv_red  rv_high rv_low  rv_left rv_right        airmass_s       airmass_e       adc_num adc_angl        time_calib      drift_interpol  ref_line1       ref_line2
----    ------  -----   -----   --      --      --------        ----    ---     ----    ----    ----    ---     -----   --------        ------- ------- ----    -----   --------        -----   ----    --------        ----    ----    -----   ---     ---     ------- ---------       ------- ---------       --------        ---------       ------- ------- ------- ------  ------- ------  ------- --------        ---------       ---------       ------- --------        ----------      --------------  ---------       ---------
SOPHIE.2007-06-09T01:19:05.904  HD189733        200043.70       224239.10       7.67    0.93    STAR,WAVE,G5,HR 140.6   23.3    63.2    72.1    G2      54260.55661     -2.2724 -1.69   0.56    1.07    -2.2741 1.87    0.003175        0.003350        8.68    37.99   0.0052  17.0858 4.38    999.00  -4.34   0.00    0.00    RPE_sp2_pp740.cat       0       1       0       -2.2682 -2.2827 -2.3285 -2.2284 -2.2549 -2.2726 -1.3781 -3.0293 1.00    1.00    2       211     0.45    -0.42   29695.820164    17325.608817
SOPHIE.2007-06-13T01:59:57.950  HD189733        200043.70       224239.10       7.67    0.93    STAR,WAVE,G5,HR 138.7   27.0    67.6    75.5    G2      54264.58528     -2.4420 -0.44   0.57    1.07    -2.4425 1.73    0.002730        0.002931        8.61    39.30   -0.0058 16.0412 4.31    999.00  -4.36   0.00    0.00    RPE_sp2_pp740.cat       0       1       0       -2.4384 -2.4536 -2.5003 -2.3949 -2.4397 -2.4365 -1.6059 -2.8523 1.07    1.07    2       190     1.50    0.00    30838.697792    18283.338536
SOPHIE.2007-07-13T00:09:04.019  HD189733        200043.70       224239.10       7.67    0.93    STAR,WAVE,G5,HR 300.0   37.1    104.5   118.5   G2      54294.50843     -2.0664 -1.61   0.63    1.05    -2.0680 1.10    0.001575        0.001894        8.64    42.66   -0.0165 6.8872  4.34    -0.04   -4.46   0.00    0.00    RPE_sp2_v2.cat  0       1       0       -2.0624 -2.0754 -2.1220 -2.0195 -2.0605 -2.0549 -1.1819 -2.5971 1.07    1.07    2       187     0.50    999.90  36382.373666    21031.659643
SOPHIE.2007-07-16T20:50:11.200  HD189733        200043.70       224239.10       7.67    0.93    STAR,WAVE,G5,HR 300.0   17.1    69.7    87.5    G2      54298.37040     -2.2063 -3.23   0.63    1.05    -2.2095 1.75    0.003174        0.003343        8.84    39.06   -0.0320 5.7390  4.55    999.00  -4.32   0.00    0.00    RPE_sp2_v2.cat  0       1       0       -2.1998 -2.2114 -2.2480 -2.1701 -2.1960 -2.1906 -1.2092 -3.1625 1.42    1.40    4       230     0.73    -0.40   36535.270211    21354.192910
SOPHIE.2007-07-17T02:24:01.489  HD189733        200043.70       224239.10       7.67    0.93    STAR,WAVE,G5,HR 300.0   28.4    93.4    107.7   G2      54298.60222     -2.0992 -1.98   0.64    1.05    -2.1012 1.28    0.001938        0.002203        8.72    41.42   -0.0170 5.2460  4.42    999.00  -4.37   0.00    0.00    RPE_sp2_v2.cat  0       1       0       -2.0950 -2.1085 -2.1499 -2.0558 -2.0944 -2.0874 -1.1725 -2.7810 1.23    1.24    3       137     0.11    999.90  37024.559595    21597.501363
SOPHIE.2007-07-17T20:17:47.439  HD189733        200043.70       224239.10       7.67    0.93    STAR,WAVE,G5,HR 300.0   18.4    86.5    105.2   G2      54299.34790     -2.2003 -1.61   0.64    1.06    -2.2019 1.44    0.002482        0.002698        8.92    39.57   0.0027  5.4129  4.63    999.00  -4.04   0.00    0.00    RPE_sp2_v2.cat  0       1       0       -2.1922 -2.2105 -2.2537 -2.1545 -2.1665 -2.2011 -0.9840 -3.3177 1.56    1.53    4       231     0.96    0.34    35449.139625    20911.945738
SOPHIE.2007-07-18T02:31:34.642  HD189733        200043.70       224239.10       7.67    0.93    STAR,WAVE,G5,HR 300.0   27.0    85.9    99.3    G2      54299.60750     -2.3717 -1.90   0.62    1.04    -2.3736 1.38    0.002125        0.002367        8.71    41.44   -0.0238 4.8734  4.41    999.00  999.90  0.00    0.00    RPE_sp2_v2.cat  0       1       0       -2.3664 -2.3817 -2.4298 -2.3215 -2.3720 -2.3602 -1.3195 -2.8262 1.26    1.27    3       136     5.27    999.90  36637.784367    21361.173074
SOPHIE.2007-07-18T20:23:18.276  HD189733        200043.70       224239.10       7.67    0.93    STAR,WAVE,G5,HR 300.0   20.2    89.4    106.5   G2      54300.35176     -2.3508 -0.69   0.64    1.06    -2.3515 1.38    0.002280        0.002517        8.87    40.39   -0.0102 5.0449  4.58    999.00  -4.11   0.00    0.00    RPE_sp2_v2.cat  0       1       0       -2.3435 -2.3552 -2.4049 -2.3041 -2.3362 -2.3450 -1.3104 -3.4126 1.51    1.48    4       231     0.47    6.44    35151.365591    20522.409370
SOPHIE.2007-07-19T02:40:21.744  HD189733        200043.70       224239.10       7.67    0.93    STAR,WAVE,G5,HR 300.0   22.7    82.2    98.8    G2      54300.61362     -2.1894 -1.69   0.62    1.05    -2.1911 1.47    0.002383        0.002604        8.79    40.73   -0.0097 4.4985  4.50    999.00  -4.36   0.00    0.00    RPE_sp2_v2.cat  0       1       0       -2.1841 -2.1944 -2.2452 -2.1406 -2.1716 -2.1823 -1.2232 -3.0972 1.29    1.31    3       134     1.13    -3.15   35508.224322    20944.051542
SOPHIE.2007-07-19T20:37:03.017  HD189733        200043.70       224239.10       7.67    0.93    STAR,WAVE,G5,HR 300.0   22.5    91.0    106.7   G2      54301.36130     -2.1206 -1.79   0.64    1.06    -2.1224 1.34    0.002131        0.002381        8.78    41.08   -0.0097 4.6661  4.48    999.00  -4.20   0.00    0.00    RPE_sp2_v2.cat  0       1       0       -2.1153 -2.1265 -2.1693 -2.0792 -2.1123 -2.1122 -1.1531 -2.9799 1.42    1.40    4       231     0.72    2.82    35484.685380    20752.384761
SOPHIE.2007-07-20T01:39:08.899  HD189733        200043.70       224239.10       7.67    0.93    STAR,WAVE,G5,HR 300.0   30.4    91.6    104.9   G2      54301.57112     -2.2388 -2.50   0.45    1.04    -2.2413 1.26    0.001863        0.002134        8.66    42.60   -0.0078 4.2173  4.35    999.00  -4.42   0.00    0.00    RPE_sp2_v2.cat  0       1       0       -2.2348 -2.2449 -2.2937 -2.1926 -2.2256 -2.2344 -1.3293 -3.0042 1.16    1.17    2       143     0.12    -4.34   26716.380039    15726.509046
SOPHIE.2007-07-20T01:45:18.399  HD189733        200043.70       224239.10       7.67    0.93    STAR,WAVE,G5,HR 300.0   29.1    87.3    100.0   G2      54301.57540     -2.2405 -2.45   0.45    1.04    -2.2429 1.32    0.001967        0.002226        8.63    42.53   -0.0190 4.2083  4.33    999.00  -4.44   0.00    0.00    RPE_sp2_v2.cat  0       1       0       -2.2362 -2.2502 -2.2957 -2.1931 -2.2337 -2.2303 -1.3306 -2.9679 1.17    1.18    2       141     0.22    -4.34   26600.332135    15658.197830
SOPHIE.2007-07-20T01:51:38.556  HD189733        200043.70       224239.10       7.67    0.93    STAR,WAVE,G5,HR 300.0   25.5    91.4    106.6   G2      54301.57979     -2.2322 -2.38   0.45    1.04    -2.2346 1.30    0.001989        0.002245        8.72    42.11   -0.0115 4.1993  4.42    999.00  -4.45   0.00    0.00    RPE_sp2_v2.cat  0       1       0       -2.2272 -2.2390 -2.2795 -2.1921 -2.2194 -2.2243 -1.2797 -3.0646 1.18    1.19    3       140     0.33    -4.34   26663.633330    15695.459870
SOPHIE.2007-07-20T01:58:06.728  HD189733        200043.70       224239.10       7.67    0.93    STAR,WAVE,G5,HR 300.0   24.3    86.4    101.2   G2      54301.58429     -2.2298 -2.46   0.45    1.04    -2.2323 1.38    0.002131        0.002372        8.72    41.94   -0.0112 4.1901  4.42    999.00  -4.80   0.00    0.00    RPE_sp2_v2.cat  0       1       0       -2.2247 -2.2391 -2.2779 -2.1880 -2.2142 -2.2219 -1.2655 -3.0427 1.19    1.20    3       139     0.43    -4.34   26664.000231    15695.675845
SOPHIE.2007-07-20T02:04:32.239  HD189733        200043.70       224239.10       7.67    0.93    STAR,WAVE,G5,HR 300.0   23.8    84.4    99.0    G2      54301.58874     -2.2298 -2.80   0.45    1.04    -2.2326 1.41    0.002187        0.002422        8.70    41.94   -0.0140 4.1812  4.40    999.00  -4.30   0.00    0.00    RPE_sp2_v2.cat  0       1       0       -2.2245 -2.2378 -2.2788 -2.1883 -2.2185 -2.2209 -1.2901 -3.0452 1.21    1.22    3       138     0.54    -4.34   26647.515118    15685.971937
SOPHIE.2007-07-20T21:13:04.357  HD189733        200043.70       224239.10       7.67    0.93    STAR,WAVE,G5,HR 300.0   19.3    74.8    89.0    G2      54302.38635     -2.4186 -5.57   0.47    1.07    -2.4242 1.59    0.002622        0.002831        8.73    41.42   -0.0202 4.2566  4.44    999.00  -4.32   0.00    0.00    RPE_sp2_v2.cat  0       1       0       -2.4129 -2.4247 -2.4636 -2.3810 -2.4163 -2.4096 -1.3353 -2.9975 1.28    1.26    3       228     0.93    -3.34   25106.580994    14780.697956
SOPHIE.2007-07-21T02:19:17.827  HD189733        200043.70       224239.10       7.67    0.93    STAR,WAVE,G5,HR 900.0   32.8    123.6   149.0   G2      54302.59553     -2.3303 1.68    0.72    1.06    -2.3286 0.96    0.001434        0.001781        8.76    42.23   -0.0070 3.8020  4.46    -0.03   -4.41   0.00    0.00    RPE_sp2_v2.cat  0       1       0       -2.3253 -2.3340 -2.3757 -2.2929 -2.3169 -2.3259 -1.3181 -3.3185 1.23    1.27    3       137     1.31    0.76    40469.705601    23671.818542
SOPHIE.2007-07-21T20:29:45.906  HD189733        200043.70       224239.10       7.67    0.93    STAR,WAVE,G5,HR 360.0   7.3     11.8    14.2    G2      54303.35593     -1.9579 -1.30   0.46    1.05    -1.9592 4.00    0.039533        0.039547        8.98    20.84   -0.0195 3.9444  999.00  999.00  999.90  0.00    0.00    RPE_sp2_v2.cat  0       1       0       -1.9431 -1.9351 -1.9329 -1.9433 -1.9297 -1.9720 -0.8157 -3.0761 1.43    1.40    4       230     1.01    2.47    26370.747885    15395.037931
SOPHIE.2007-07-21T21:55:30.310  HD189733        200043.70       224239.10       7.67    0.93    STAR,WAVE,G5,HR 360.0   12.3    34.9    40.5    G2      54303.41548     -2.0634 -1.58   0.47    1.05    -2.0649 2.92    0.006712        0.006793        8.61    38.57   -0.0205 3.8318  4.31    999.00  -4.31   0.00    0.00    RPE_sp2_v2.cat  0       1       0       -2.0578 -2.0772 -2.0978 -2.0284 -2.0559 -2.0526 -1.0578 -2.6817 1.17    1.16    3       224     0.52    -3.47   26608.651106    15620.416236
SOPHIE.2007-07-22T01:34:36.796  HD189733        200043.70       224239.10       7.67    0.93    STAR,WAVE,G5,HR 360.0   27.4    83.4    96.2    G2      54303.56765     -2.1113 -1.36   0.47    1.05    -2.1127 1.38    0.002061        0.002314        8.62    42.79   -0.0157 3.4912  4.32    999.00  -4.79   0.00    0.00    RPE_sp2_v2.cat  0       1       0       -2.1072 -2.1185 -2.1609 -2.0690 -2.1070 -2.1027 -1.2223 -2.7136 1.16    1.17    2       142     0.14    0.47    27080.772538    15775.185370
SOPHIE.2007-07-22T02:42:30.882  HD189733        200043.70       224239.10       7.67    0.93    STAR,WAVE,G5,HR 360.0   21.0    77.0    91.2    G2      54303.61479     -2.1317 0.93    0.46    1.05    -2.1307 1.53    0.002437        0.002654        8.68    42.03   -0.0212 3.4002  4.38    999.00  -4.91   0.00    0.00    RPE_sp2_v2.cat  0       1       0       -2.1288 -2.1373 -2.1767 -2.0929 -2.1280 -2.1199 -1.1664 -2.9133 1.34    1.36    3       133     1.27    0.47    26987.538263    15720.874217
SOPHIE.2007-07-22T21:11:29.817  HD189733        200043.70       224239.10       7.67    0.93    STAR,WAVE,G5,HR 300.0   23.1    77.9    90.1    G2      54304.38529     -2.4470 -2.54   0.46    1.05    -2.4496 1.51    0.002367        0.002591        8.68    41.80   -0.0353 3.5250  4.38    999.00  999.90  0.00    0.00    RPE_sp2_v2.cat  0       1       0       -2.4421 -2.4538 -2.5012 -2.3999 -2.4583 -2.4301 -1.5528 -2.9154 1.26    1.24    3       227     0.62    -1.53   26025.511684    15068.033056
SOPHIE.2007-07-24T00:54:55.040  HD189733        200043.70       224239.10       7.67    0.93    STAR,WAVE,G5,HR 300.0   19.4    57.3    66.4    G2      54305.54044     -2.0416 -2.33   0.46    1.06    -2.0439 1.97    0.003321        0.003486        8.63    41.59   -0.0278 2.8130  4.33    999.00  -4.38   0.00    0.00    RPE_sp2_v2.cat  0       1       0       -2.0379 -2.0455 -2.0844 -2.0023 -2.0391 -2.0235 -1.1746 -2.5377 1.12    1.12    2       150     0.13    3.24    25906.871971    15082.654457
SOPHIE.2007-07-24T20:46:01.816  HD189733        200043.70       224239.10       7.67    0.93    STAR,WAVE,G5,HR 300.0   20.4    61.9    71.4    G2      54306.36761     -2.3947 1.22    0.45    1.04    -2.3934 1.86    0.003042        0.003216        8.65    41.74   -0.0365 2.8220  4.34    999.00  -5.08   0.00    0.00    RPE_sp2_v2.cat  0       1       0       -2.3914 -2.4049 -2.4434 -2.3505 -2.4037 -2.3777 -1.5244 -2.7699 1.31    1.30    3       228     0.64    0.86    26533.321856    15561.353267
SOPHIE.2007-07-25T01:52:13.263  HD189733        200043.70       224239.10       7.67    0.93    STAR,WAVE,G5,HR 300.0   21.5    67.5    78.6    G2      54306.58025     -2.4389 -0.43   0.44    1.04    -2.4393 1.72    0.002735        0.002927        8.66    42.05   -0.0302 2.3608  4.35    999.00  -4.63   0.00    0.00    RPE_sp2_v2.cat  0       1       0       -2.4362 -2.4457 -2.4824 -2.4004 -2.4459 -2.4246 -1.5476 -2.8532 1.23    1.24    3       136     0.57    0.21    26720.425266    15447.027698
SOPHIE.2007-07-25T02:34:17.480  HD189733        200043.70       224239.10       7.67    0.93    STAR,WAVE,G5,HR 600.0   31.1    94.4    108.1   G2      54306.60773     -2.4460 0.37    0.49    1.04    -2.4456 1.22    0.001785        0.002067        8.65    42.92   -0.0238 2.3099  4.35    999.00  -4.57   0.00    0.00    RPE_sp2_v2.cat  0       1       0       -2.4429 -2.4518 -2.4946 -2.4047 -2.4523 -2.4330 -1.5547 -2.8852 1.34    1.38    3       133     1.23    0.21    29737.960484    17191.459144
SOPHIE.2007-07-25T20:44:56.188  HD189733        200043.70       224239.10       7.67    0.93    STAR,WAVE,G5,HR 300.0   25.4    88.0    102.7   G2      54307.36687     -2.1360 -1.56   0.46    1.05    -2.1375 1.35    0.002067        0.002318        8.71    41.93   -0.0262 2.4547  4.42    999.00  -4.48   0.00    0.00    RPE_sp2_v2.cat  0       1       0       -2.1319 -2.1424 -2.1842 -2.0945 -2.1371 -2.1204 -1.2008 -2.8146 1.30    1.29    3       228     0.58    -2.25   26475.964745    15413.493879
SOPHIE.2007-07-25T23:48:54.082  HD189733        200043.70       224239.10       7.67    0.93    STAR,WAVE,G5,HR 300.0   36.5    107.6   121.6   G2      54307.49461     -2.0838 -4.11   0.46    1.04    -2.0879 1.07    0.001526        0.001849        8.66    42.98   -0.0247 2.1773  4.36    -0.02   -4.77   0.00    0.00    RPE_sp2_v2.cat  0       1       0       -2.0794 -2.0929 -2.1351 -2.0407 -2.0818 -2.0695 -1.1751 -2.6246 1.07    1.08    2       172     1.82    -0.98   26873.350978    15754.472768
SOPHIE.2007-07-26T01:55:34.332  HD189733        200043.70       224239.10       7.67    0.93    STAR,WAVE,G5,HR 300.0   29.8    100.4   115.8   G2      54307.58259     -2.0586 -1.93   0.45    1.03    -2.0605 1.17    0.001735        0.002020        8.72    42.42   -0.0287 1.9872  4.42    -0.03   -4.41   0.00    0.00    RPE_sp2_v2.cat  0       1       0       -2.0545 -2.0668 -2.1094 -2.0153 -2.0728 -2.0449 -1.1230 -2.6637 1.24    1.26    3       136     0.12    -1.62   27205.189859    15672.929283
SOPHIE.2007-07-26T20:49:14.427  HD189733        200043.70       224239.10       7.67    0.93    STAR,WAVE,G5,HR 300.0   32.5    95.3    108.6   G2      54308.36984     -2.3070 -0.44   0.46    1.04    -2.3074 1.21    0.001759        0.002045        8.67    42.62   -0.0183 2.0800  4.37    999.00  -4.76   0.00    0.00    RPE_sp2_v2.cat  0       1       0       -2.3035 -2.3132 -2.3612 -2.2616 -2.3032 -2.2970 -1.3975 -3.0580 1.28    1.26    3       227     0.56    -0.51   26758.473564    15773.078858
SOPHIE.2007-07-27T02:12:59.907  HD189733        200043.70       224239.10       7.67    0.93    STAR,WAVE,G5,HR 300.0   35.2    101.2   115.3   G2      54308.59469     -2.4250 -2.47   0.47    1.06    -2.4274 1.12    0.001631        0.001944        8.66    42.80   -0.0198 1.5954  4.36    -0.03   -4.43   0.00    0.00    RPE_sp2_v2.cat  0       1       0       -2.4216 -2.4340 -2.4810 -2.3780 -2.4284 -2.4135 -1.5724 -2.8528 1.31    1.32    3       133     0.70    0.23    27039.112988    15898.931176
SOPHIE.2007-07-27T21:32:43.534  HD189733        200043.70       224239.10       7.67    0.93    STAR,WAVE,G5,HR 300.0   30.9    91.0    103.6   G2      54309.40005     -2.2656 -1.04   0.46    1.04    -2.2666 1.26    0.001860        0.002131        8.66    42.56   -0.0148 1.6498  4.36    999.00  -4.93   0.00    0.00    RPE_sp2_v2.cat  0       1       0       -2.2620 -2.2757 -2.3239 -2.2146 -2.2590 -2.2564 -1.3415 -3.0300 1.16    1.16    2       220     0.11    -1.08   27299.417543    15844.016523
SOPHIE.2007-07-28T00:14:03.572  HD189733        200043.70       224239.10       7.67    0.93    STAR,WAVE,G5,HR 300.0   31.6    93.1    106.3   G2      54309.51209     -2.1955 -1.83   0.45    1.04    -2.1973 1.23    0.001800        0.002077        8.65    42.93   -0.0125 1.3963  4.35    999.00  -4.89   0.00    0.00    RPE_sp2_v2.cat  0       1       0       -2.1925 -2.2038 -2.2516 -2.1487 -2.1943 -2.1867 -1.2819 -2.8854 1.09    1.10    2       160     1.35    -0.61   27111.779726    15855.567204
SOPHIE.2007-07-28T22:17:46.948  HD189733        200043.70       224239.10       7.67    0.93    STAR,WAVE,G5,HR 400.0   22.6    61.5    70.5    G2      54310.43078     -2.1999 0.99    0.47    1.03    -2.1989 1.85    0.002967        0.003141        8.63    41.67   -0.0255 1.2121  4.32    999.00  -4.48   0.00    0.00    RPE_sp2_v2.cat  0       1       0       -2.1970 -2.2050 -2.2329 -2.1723 -2.2045 -2.1868 -1.2852 -2.8190 1.10    1.09    2       208     1.06    1.92    29143.810639    16858.981119
SOPHIE.2007-07-29T02:35:24.145  HD189733        200043.70       224239.10       7.67    0.93    STAR,WAVE,G5,HR 500.0   25.2    70.5    81.9    G2      54310.60911     -2.3114 2.25    0.51    1.05    -2.3091 1.61    0.002506        0.002717        8.64    42.14   -0.0170 0.8322  4.34    999.00  -4.41   0.00    0.00    RPE_sp2_v2.cat  0       1       0       -2.3094 -2.3194 -2.3635 -2.2671 -2.3074 -2.3025 -1.3997 -3.0705 1.41    1.45    3       132     1.17    0.00    29734.306937    17325.087135
SOPHIE.2007-07-29T21:34:21.900  HD189733        200043.70       224239.10       7.67    0.93    STAR,WAVE,G5,HR 300.0   30.9    86.6    98.1    G2      54311.40122     -2.3576 -2.66   0.45    1.03    -2.3603 1.32    0.001948        0.002204        8.64    42.47   -0.0098 0.9063  4.33    999.00  -5.11   0.00    0.00    RPE_sp2_v2.cat  0       1       0       -2.3551 -2.3661 -2.4054 -2.3167 -2.3529 -2.3507 -1.4471 -3.1361 1.15    1.14    2       218     0.79    -1.37   28577.610177    16435.039675
SOPHIE.2007-07-30T01:37:43.460  HD189733        200043.70       224239.10       7.67    0.93    STAR,WAVE,G5,HR 300.0   26.7    72.9    82.7    G2      54311.57021     -2.2659 0.05    0.43    1.02    -2.2659 1.56    0.002356        0.002567        8.61    42.43   -0.0117 0.5320  4.31    999.00  -4.26   0.00    0.00    RPE_sp2_v2.cat  0       1       0       -2.2632 -2.2715 -2.3117 -2.2275 -2.2575 -2.2589 -1.3861 -2.9409 1.24    1.25    3       136     1.02    -0.16   28306.951068    16299.222254
SOPHIE.2007-07-30T21:31:39.525  HD189733        200043.70       224239.10       7.67    0.93    STAR,WAVE,G5,HR 600.0   26.6    69.3    78.2    G2      54312.39758     -2.0780 -0.98   0.50    1.02    -2.0790 1.63    0.002482        0.002685        8.60    42.14   0.0042  0.5431  4.30    999.00  -4.64   0.00    0.00    RPE_sp2_v2.cat  0       1       0       -2.0750 -2.0868 -2.1229 -2.0394 -2.0652 -2.0762 -1.1977 -2.5977 1.15    1.14    2       220     0.40    -3.01   31543.326679    18195.069024
SOPHIE.2007-07-31T01:05:04.820  HD189733        200043.70       224239.10       7.67    0.93    STAR,WAVE,G5,HR 600.0   29.1    79.7    90.7    G2      54312.54580     -2.1460 0.06    0.50    1.02    -2.1460 1.43    0.002127        0.002358        8.62    42.55   -0.0097 0.2104  4.32    999.00  -4.41   0.00    0.00    RPE_sp2_v2.cat  0       1       0       -2.1437 -2.1523 -2.1949 -2.1040 -2.1412 -2.1384 -1.2538 -2.7491 1.16    1.18    2       141     0.15    2.51    32452.266404    18832.940272
SOPHIE.2007-08-01T00:39:34.596  HD189733        200043.70       224239.10       7.67    0.93    STAR,WAVE,G5,HR 300.0   26.0    75.3    87.1    G2      54313.52984     -2.3943 -0.68   0.47    1.04    -2.3949 1.54    0.002343        0.002562        8.64    42.20   -0.0058 -0.1269 4.33    999.00  -4.64   0.00    0.00    RPE_sp2_v2.cat  0       1       0       -2.3914 -2.4001 -2.4431 -2.3533 -2.3894 -2.3886 -1.5112 -2.8090 1.14    1.14    2       145     0.94    0.00    29264.884734    16870.054383
SOPHIE.2007-08-01T02:45:36.163  HD189733        200043.70       224239.10       7.67    0.93    STAR,WAVE,G5,HR 300.0   16.1    69.4    82.9    G2      54313.61734     -2.3555 -0.07   0.44    1.02    -2.3556 1.76    0.003019        0.003187        8.77    40.83   -0.0148 -0.2887 4.47    999.00  -4.29   0.00    0.00    RPE_sp2_v2.cat  0       1       0       -2.3515 -2.3617 -2.3974 -2.3201 -2.3474 -2.3488 -1.3041 -3.4183 1.53    1.56    4       131     0.11    2.23    29362.367371    16851.756302
SOPHIE.2007-08-01T20:58:10.957  HD189733        200043.70       224239.10       7.67    0.93    STAR,WAVE,G5,HR 300.0   20.4    70.4    82.7    G2      54314.37609     -2.0449 -3.76   0.46    1.03    -2.0487 1.68    0.002757        0.002943        8.68    41.12   -0.0118 -0.1542 4.38    999.00  -4.81   0.00    0.00    RPE_sp2_v2.cat  0       1       0       -2.0404 -2.0507 -2.0902 -2.0075 -2.0501 -2.0384 -1.1178 -2.6707 1.19    1.18    3       223     1.98    -1.13   28957.081830    16813.192765
SOPHIE.2007-08-03T01:35:37.405  HD189733        200043.70       224239.10       7.67    0.93    STAR,WAVE,G5,HR 600.0   15.6    61.1    74.4    G2      54315.56721     -2.4477 0.64    0.51    1.03    -2.4470 1.94    0.003511        0.003659        8.75    40.06   -0.0312 -0.9452 4.45    999.00  999.90  0.00    0.00    RPE_sp2_v2.cat  0       1       0       -2.4447 -2.4524 -2.4945 -2.4100 -2.4520 -2.4354 -1.3233 -3.1237 1.26    1.29    3       135     0.24    6.56    32192.982197    18704.665613
SOPHIE.2007-08-03T21:21:22.544  HD189733        200043.70       224239.10       7.67    0.93    STAR,WAVE,G5,HR 300.0   29.2    83.4    95.4    G2      54316.39218     -2.0873 -5.56   0.44    1.01    -2.0929 1.37    0.002035        0.002270        8.61    42.63   -0.0223 -0.9318 4.30    999.00  -4.71   0.00    0.00    RPE_sp2_v2.cat  0       1       0       -2.0841 -2.0965 -2.1337 -2.0492 -2.0844 -2.0744 -1.2004 -2.6036 1.14    1.13    2       217     0.91    -3.69   29844.348703    17382.152113
SOPHIE.2007-08-04T01:33:27.989  HD189733        200043.70       224239.10       7.67    0.93    STAR,WAVE,G5,HR 300.0   22.0    82.4    97.3    G2      54316.56725     -2.0564 -1.30   0.45    1.01    -2.0577 1.45    0.002275        0.002489        8.71    41.90   -0.0278 -1.3167 4.42    999.00  -4.38   0.00    0.00    RPE_sp2_v2.cat  0       1       0       -2.0521 -2.0619 -2.1074 -2.0145 -2.0709 -2.0426 -1.0840 -2.7651 1.28    1.30    3       134     0.11    -2.01   30148.753327    17365.537088
SOPHIE.2007-08-04T23:48:09.395  HD189733        200043.70       224239.10       7.67    0.93    STAR,WAVE,G5,HR 300.0   30.6    88.7    101.8   G2      54317.49410     -2.4092 -0.32   0.46    1.03    -2.4095 1.29    0.001912        0.002171        8.63    42.64   -0.0325 -1.5368 4.33    999.00  -4.43   0.00    0.00    RPE_sp2_v2.cat  0       1       0       -2.4056 -2.4140 -2.4624 -2.3651 -2.4191 -2.3927 -1.5660 -2.7924 1.10    1.10    2       156     0.12    0.00    29518.726609    17016.016130
SOPHIE.2007-08-05T03:02:44.298  HD189733        200043.70       224239.10       7.67    0.93    STAR,WAVE,G5,HR 500.0   16.6    91.2    115.0   G2      54317.62808     -2.4447 0.39    0.47    1.01    -2.4443 1.32    0.002266        0.002481        8.86    41.04   -0.0408 -1.7828 4.58    999.00  -4.10   0.00    0.00    RPE_sp2_v2.cat  0       1       0       -2.4392 -2.4470 -2.4845 -2.4128 -2.4525 -2.4278 -1.2739 -3.2892 1.73    1.80    4       129     0.94    -2.13   31996.012096    18488.712030
SOPHIE.2007-08-05T19:51:02.334  HD189733        200043.70       224239.10       7.67    0.93    STAR,WAVE,G5,HR 300.0   21.3    68.9    80.9    G2      54318.32944     -2.1954 -1.49   0.46    1.03    -2.1968 1.70    0.002761        0.002946        8.67    41.37   -0.0332 -1.5513 4.37    999.00  -4.36   0.00    0.00    RPE_sp2_v2.cat  0       1       0       -2.1921 -2.2038 -2.2402 -2.1591 -2.1919 -2.1793 -1.2299 -2.9294 1.34    1.32    3       229     0.24    -0.70   29898.386281    16942.389014
SOPHIE.2007-08-06T01:36:11.134  HD189733        200043.70       224239.10       7.67    0.93    STAR,WAVE,G5,HR 300.0   21.9    82.0    96.9    G2      54318.56913     -2.0882 -0.15   0.45    1.02    -2.0883 1.46    0.002297        0.002513        8.74    41.93   -0.0325 -2.0637 4.45    999.00  999.90  0.00    0.00    RPE_sp2_v2.cat  0       1       0       -2.0843 -2.0920 -2.1305 -2.0541 -2.0890 -2.0671 -1.1539 -2.7720 1.32    1.33    3       133     0.12    2.82    30179.684845    17280.375148
SOPHIE.2007-08-15T21:23:21.903  HD189733        200043.70       224239.10       7.67    0.93    STAR,WAVE,G5,HR 281.2   35.7    98.4    111.1   G2      54328.39354     -2.3453 -2.87   0.46    1.02    -2.3482 1.15    0.001653        0.001942        8.63    43.00   -0.0093 -5.3921 4.33    999.00  -4.35   0.00    0.00    RPE_sp2_pp740.cat       0       1       0       -2.3418 -2.3520 -2.4002 -2.3005 -2.3404 -2.3378 -1.4472 -3.1039 1.09    1.08    2       200     0.53    -0.36   30042.944202    17532.618838
SOPHIE.2007-08-16T00:48:26.623  HD189733        200043.70       224239.10       7.67    0.93    STAR,WAVE,G5,HR 180.0   15.9    50.1    58.7    G2      54328.53654     -2.3897 -5.80   0.40    1.00    -2.3955 2.26    0.004189        0.004307        8.64    40.12   -0.0103 -5.7036 4.34    999.00  -4.34   0.00    0.00    RPE_sp2_pp740.cat       0       1       0       -2.3853 -2.3993 -2.4460 -2.3486 -2.3900 -2.3781 -1.5038 -2.8459 1.30    1.30    3       134     1.76    -4.22   27046.868619    15473.356323
SOPHIE.2007-08-17T19:58:36.342  HD189733        200043.70       224239.10       7.67    0.93    STAR,WAVE,G5,HR 300.8   23.1    63.6    72.8    G2      54330.33453     -2.1659 -1.22   0.48    1.03    -2.1671 1.80    0.002852        0.003032        8.63    41.70   -0.0108 -5.9917 4.33    999.00  -5.16   0.00    0.00    RPE_sp2_v2.cat  0       1       0       -2.1637 -2.1725 -2.2217 -2.1212 -2.1655 -2.1570 -1.3021 -2.7732 1.19    1.18    3       223     0.56    -0.98   30065.783819    17227.821760
SOPHIE.2007-08-18T20:35:39.676  HD189733        200043.70       224239.10       7.67    0.93    STAR,WAVE,G5,HR 300.0   33.3    88.6    100.7   G2      54331.36025     -2.3810 -2.63   0.48    1.03    -2.3836 1.28    0.001857        0.002123        8.61    42.71   -0.0125 -6.4076 4.31    999.00  -4.81   0.00    0.00    RPE_sp2_v2.cat  0       1       0       -2.3784 -2.3883 -2.4363 -2.3357 -2.3783 -2.3726 -1.5545 -2.7911 1.12    1.11    2       215     1.09    -0.08   30532.981949    17707.764423
SOPHIE.2007-08-19T01:14:27.438  HD189733        200043.70       224239.10       7.67    0.93    STAR,WAVE,G5,HR 300.0   29.2    90.6    105.9   G2      54331.55385     -2.2651 -3.45   0.45    1.00    -2.2685 1.28    0.001925        0.002167        8.69    42.23   -0.0158 -6.8181 4.39    999.00  -4.46   0.00    0.00    RPE_sp2_v2.cat  0       1       0       -2.2618 -2.2727 -2.3168 -2.2228 -2.2577 -2.2552 -1.3282 -3.0372 1.43    1.46    3       131     1.74    -2.99   31699.055399    18192.351854
SOPHIE.2007-08-19T23:29:39.357  HD189733        200043.70       224239.10       7.67    0.93    STAR,WAVE,G5,HR 219.7   21.3    55.9    62.8    G2      54332.48151     -2.1563 0.17    0.42    1.00    -2.1561 2.00    0.003276        0.003427        8.58    41.48   -0.0173 -7.0402 4.28    999.00  -4.98   0.00    0.00    RPE_sp2_pp740.cat       0       1       0       -2.1547 -2.1603 -2.2112 -2.1131 -2.1569 -2.1471 -1.3084 -2.6464 1.15    1.15    2       144     1.81    -1.27   29417.882774    16979.008397
SOPHIE.2007-08-20T20:29:35.476  HD189733        200043.70       224239.10       7.67    0.93    STAR,WAVE,G5,HR 600.0   29.1    73.8    82.2    G2      54333.35424     -2.4399 -0.66   0.53    1.02    -2.4406 1.52    0.002288        0.002504        8.59    42.12   -0.0182 -7.1111 4.28    999.00  -4.43   0.00    0.00    RPE_sp2_v2.cat  0       1       0       -2.4381 -2.4475 -2.4903 -2.4005 -2.4446 -2.4294 -1.5934 -2.7944 1.12    1.11    2       214     1.05    999.90  34769.197706    19947.041878
SOPHIE.2007-08-21T21:25:07.620  HD189733        200043.70       224239.10       7.67    0.93    STAR,WAVE,G5,HR 300.0   29.8    80.3    90.9    G2      54334.39453     -2.0455 -1.30   0.51    1.04    -2.0468 1.41    0.002090        0.002334        8.62    42.71   -0.0372 -7.5570 4.32    999.00  -4.44   0.00    0.00    RPE_sp2_v2.cat  0       1       0       -2.0429 -2.0522 -2.0978 -2.0037 -2.0485 -2.0256 -1.2034 -2.4206 1.00    1.00    2       192     1.58    999.90  30907.535992    17841.875138
SOPHIE.2007-08-22T21:30:31.366  HD189733        200043.70       224239.10       7.67    0.93    STAR,WAVE,G5,HR 300.0   29.7    78.8    89.3    G2      54335.39825     -2.4349 -4.60   0.46    1.00    -2.4395 1.44    0.002145        0.002367        8.64    42.44   -0.0203 -7.9185 4.34    999.00  -4.58   0.00    0.00    RPE_sp2_v2.cat  0       1       0       -2.4327 -2.4440 -2.4843 -2.3957 -2.4387 -2.4238 -1.6026 -2.8036 1.07    1.07    2       186     1.83    -0.26   32900.498465    18639.931257
SOPHIE.2007-08-23T23:06:55.822  HD189733        200043.70       224239.10       7.67    0.93    STAR,WAVE,G5,HR 300.0   29.8    81.9    92.9    G2      54336.46514     -2.0569 -2.30   0.46    1.00    -2.0592 1.40    0.002086        0.002313        8.66    42.26   -0.0257 -8.4190 4.36    999.00  -4.47   0.00    0.00    RPE_sp2_v2.cat  0       1       0       -2.0541 -2.0651 -2.1103 -2.0128 -2.0542 -2.0423 -1.1724 -2.5265 1.13    1.14    2       146     0.98    -0.09   32713.491167    18770.594335
SOPHIE.2009-06-21T02:07:31.731  HD189733        200043.70       224239.10       7.67    0.93    STAR,WAVE,G5,HR 450.0   16.4    36.2    41.4    G2      55003.58906     -2.3503 -0.27   0.49    0.85    -2.3506 2.89    0.006452        0.006507        8.60    34.93   -0.0172 13.7169 4.29    999.00  -4.03   0.00    0.00    RPE_sp2_v3.cat  0       1       0       -2.3471 -2.3608 -2.4009 -2.3044 -2.3425 -2.3412 -1.5942 -3.1048 2.40    2.30    2       263     1.09    -2.56   60331.786313    32491.034836
SOPHIE.2009-07-20T02:14:35.563  HD189733        200043.70       224239.10       7.67    0.93    STAR,WAVE,G5,HR 450.0   34.6    90.7    104.4   G2      55032.59495     -2.2838 0.58    0.50    0.79    -2.2832 1.25    0.001835        0.001997        8.65    42.12   -0.0192 4.0121  4.35    999.00  -4.45   0.00    0.00    RPE_sp2_v3.cat  0       1       0       -2.2798 -2.2895 -2.3411 -2.2334 -2.2812 -2.2727 -1.4037 -2.9954 1.23    1.25    3       47      0.58    0.13    80783.515088    41637.584638
SOPHIE.2009-07-28T21:55:29.751  HD189733        200043.70       224239.10       7.67    0.93    STAR,WAVE,G5,HR 450.0   39.0    100.3   115.1   G2      55041.41522     -2.3068 0.32    1.59    1.08    -2.3065 1.13    0.001614        0.001941        8.59    42.33   -0.0307 1.0665  4.28    -0.06   999.00  0.00    0.00    RPE_sp2_v3.cat  0       1       0       -2.3045 -2.3145 -2.3578 -2.2626 -2.3090 -2.2915 -1.3882 -3.0289 1.12    1.11    2       306     0.27    -2.03   81427.138386    42245.289929
SOPHIE.2009-09-17T21:34:14.501  HD189733        200043.70       224239.10       7.67    0.93    STAR,SKY,G5,HR  450.0   39.6    109.9   125.0   G2      55092.39898     -2.3422 0.00    0.00    0.69    -2.3422 1.00    0.001418        0.001576        8.68    44.20   -0.0150 -16.2393        4.38    0.03    -4.46   5.88    0.00    RPE_sp2_v3_HD189733objAB.cat    1       1       0       -2.3387 -2.3500 -2.4001 -2.2914 -2.3385 -2.3338 -1.4356 -3.0226 1.14    1.15    2       236     1.54    -0.78   0.000000        0.000000